$NOD
97
1 0.5 0 0
2 2 0 0
3 2 2 0
4 0 2 0
5 0 0.5 0
6 0.7499999999987637 0 0
7 0.9999999999975566 0 0
8 1.249999999998157 0 0
9 1.499999999998771 0 0
10 1.749999999999386 0 0
11 2 0.2499999999995463 0
12 2 0.4999999999988218 0
13 2 0.749999999998092 0
14 2 0.9999999999973836 0
15 2 1.24999999999802 0
16 2 1.49999999999868 0
17 2 1.74999999999934 0
18 1.749999999999003 2 0
19 1.500000000000695 2 0
20 1.250000000002431 2 0
21 1.000000000004123 2 0
22 0.7500000000031259 2 0
23 0.5000000000020839 2 0
24 0.2500000000010421 2 0
25 0 1.750000000001894 0
26 0 1.500000000001562 0
27 0 1.250000000001171 0
28 0 1.000000000000781 0
29 0 0.7500000000003904 0
30 0.4619397660417386 0.1913417166989566 0
31 0.3535533897888515 0.353553391397696 0
32 0.1913417156150934 0.4619397664906895 0
33 1.797029127121242 1.228621172244553 0
34 0.877034501577874 1.707933225179134 0
35 1.055571881096368 0.1930683395582724 0
36 0.376287742977347 0.6664983900638787 0
37 0.196047045445786 1.162475747195952 0
38 1.315908569472734 1.767926495561074 0
39 1.773243053730512 0.7415993063459579 0
40 0.4159942190012897 1.752455869674854 0
41 0.600154898445328 0.4808615550108011 0
42 0.5786221354389917 0.7047052570631974 0
43 0.8152775507276926 0.5662772310638247 0
44 0.7850488289877923 0.777048669730957 0
45 1.016910961491536 0.6454473160797068 0
46 0.9812194294125848 0.8394535120051186 0
47 0.7706015671177133 0.9940577753595339 0
48 0.9700758727498189 1.049548364317449 0
49 1.162818564950588 0.8580021771212742 0
50 0.7567104210306942 1.21909340770904 0
51 1.167783978014813 1.067494048387613 0
52 1.797911147748982 1.610106246771632 0
53 1.513509439498979 0.2212628958689788 0
54 0.3782956255726453 0.9104903594650359 0
55 1.368224206182511 1.046296974047171 0
56 1.343659690420532 0.8191943835758096 0
57 1.374731198389992 1.284967222388786 0
58 1.16147613783184 1.292067223349852 0
59 0.5595230817660213 1.162646403635827 0
60 0.5166346838145043 1.420384288321663 0
61 0.7425970868741475 1.448757783717913 0
62 0.6388976500911233 0.2896372528862725 0
63 0.8474163267370241 0.3653097356363904 0
64 1.574098897829289 1.011080417255514 0
65 0.6072376885003438 1.691722039933167 0
66 0.32579606039009 1.543071253618177 0
67 1.108219777157877 0.4321322484645365 0
68 1.293228067279269 0.3610447901297679 0
69 1.8048183505942 1.397875521164373 0
70 1.632592006348549 1.512816760261025 0
71 1.150973289050089 0.7056848357924153 0
72 1.081596588456484 1.75647176884748 0
73 1.269076077827069 0.6241172231588822 0
74 1.473296282989635 0.486419470138286 0
75 0.9569893902013764 1.266669439269649 0
76 0.5718405875384123 0.9399468691417234 0
77 1.544945539140138 0.7687389975856491 0
78 1.551981238354529 1.772030530878132 0
79 1.757489602348973 0.491010193512504 0
80 0.932208027958774 1.487032819825616 0
81 0.1867805040271309 0.6960479530787345 0
82 0.18934009370514 0.9403874147787274 0
83 1.78570279098467 0.9957384804510817 0
84 0.3772250378086429 1.136810419174542 0
85 0.1914809727945382 1.610169297035677 0
86 1.589995124448029 1.253275973543855 0
87 1.360085561222904 1.52479821469247 0
88 0.2391993359005682 1.364353863300583 0
89 0.3719882381124459 1.297521635603248 0
90 0.8428720340529682 0.1658552236793169 0
91 1.278097080872829 0.2048090464501153 0
92 1.777989367466588 1.773369355645523 0
93 1.752786442927411 0.2413473169651241 0
94 0.669068119772545 0.1627662043892273 0
95 0.739234795076924 1.624118761128399 0
96 0.2114743150609051 1.772504430228525 0
97 1.13441053158819 1.516404581529021 0
$ENDNOD
$ELM
80
1 3 1 1 4 70 78 38 87
2 3 1 1 4 74 68 91 53
3 3 1 1 4 32 81 29 5
4 3 1 1 4 31 30 62 41
5 3 1 1 4 39 83 64 77
6 3 1 1 4 63 43 41 62
7 3 1 1 4 26 88 66 85
8 3 1 1 4 43 63 67 45
9 3 1 1 4 70 86 33 69
10 3 1 1 4 73 71 45 67
11 3 1 1 4 79 39 77 74
12 3 1 1 4 83 33 86 64
13 3 1 1 4 82 37 27 28
14 3 1 1 4 67 63 90 35
15 3 1 1 4 86 70 87 57
16 3 1 1 4 70 69 16 52
17 3 1 1 4 33 15 16 69
18 3 1 1 4 38 20 21 72
19 3 1 1 4 72 21 22 34
20 3 1 1 4 40 66 60 65
21 3 1 1 4 49 46 45 71
22 3 1 1 4 56 55 51 49
23 3 1 1 4 46 49 51 48
24 3 1 1 4 58 51 55 57
25 3 1 1 4 59 50 61 60
26 3 1 1 4 44 46 48 47
27 3 1 1 4 50 59 76 47
28 3 1 1 4 49 71 73 56
29 3 1 1 4 15 33 83 14
30 3 1 1 4 67 68 74 73
31 3 1 1 4 58 75 48 51
32 3 1 1 4 47 48 75 50
33 3 1 1 4 55 56 77 64
34 3 1 1 4 90 94 1 6
35 3 1 1 4 76 54 36 42
36 3 1 1 4 74 77 56 73
37 3 1 1 4 42 44 47 76
38 3 1 1 4 46 44 43 45
39 3 1 1 4 20 38 78 19
40 3 1 1 4 13 39 79 12
41 3 1 1 4 44 42 41 43
42 3 1 1 4 7 8 91 35
43 3 1 1 4 31 41 42 36
44 3 1 1 4 39 13 14 83
45 3 1 1 4 50 75 80 61
46 3 1 1 4 67 35 91 68
47 3 1 1 4 18 92 17 3
48 3 1 1 4 11 93 10 2
49 3 1 1 4 94 90 63 62
50 3 1 1 4 40 65 22 23
51 3 1 1 4 59 84 54 76
52 3 1 1 4 31 36 81 32
53 3 1 1 4 28 29 81 82
54 3 1 1 4 64 86 57 55
55 3 1 1 4 60 66 88 89
56 3 1 1 4 34 80 97 72
57 3 1 1 4 26 27 37 88
58 3 1 1 4 24 4 25 96
59 3 1 1 4 36 54 82 81
60 3 1 1 4 37 82 54 84
61 3 1 1 4 34 95 61 80
62 3 1 1 4 84 59 60 89
63 3 1 1 4 22 65 95 34
64 3 1 1 4 35 90 6 7
65 3 1 1 4 19 78 92 18
66 3 1 1 4 12 79 93 11
67 3 1 1 4 53 91 8 9
68 3 1 1 4 23 24 96 40
69 3 1 1 4 84 89 88 37
70 3 1 1 4 72 97 87 38
71 3 1 1 4 16 17 92 52
72 3 1 1 4 9 10 93 53
73 3 1 1 4 60 61 95 65
74 3 1 1 4 70 52 92 78
75 3 1 1 4 74 53 93 79
76 3 1 1 4 62 30 1 94
77 3 1 1 4 75 58 97 80
78 3 1 1 4 66 40 96 85
79 3 1 1 4 26 85 96 25
80 3 1 1 4 57 87 97 58
$ENDELM
