$NOD
512
1 0.5 0 0
2 2 0 0
3 2 2 0
4 0 2 0
5 0 0.5 0
6 0.5937499999995368 0 0
7 0.6874999999990735 0 0
8 0.7812499999986102 0 0
9 0.8749999999981468 0 0
10 0.9687499999976834 0 0
11 1.062499999997697 0 0
12 1.156249999997928 0 0
13 1.249999999998159 0 0
14 1.34374999999839 0 0
15 1.437499999998619 0 0
16 1.531249999998849 0 0
17 1.62499999999908 0 0
18 1.71874999999931 0 0
19 1.81249999999954 0 0
20 1.90624999999977 0 0
21 2 0.0999999999997993 0
22 2 0.1999999999996293 0
23 2 0.2999999999994072 0
24 2 0.3999999999991157 0
25 2 0.4999999999988242 0
26 2 0.5999999999985328 0
27 2 0.6999999999982413 0
28 2 0.7999999999979498 0
29 2 0.8999999999976585 0
30 2 0.9999999999973885 0
31 2 1.09999999999763 0
32 2 1.199999999997894 0
33 2 1.299999999998157 0
34 2 1.39999999999842 0
35 2 1.499999999998683 0
36 2 1.599999999998947 0
37 2 1.69999999999921 0
38 2 1.799999999999474 0
39 2 1.899999999999737 0
40 1.899999999999584 2 0
41 1.799999999999167 2 0
42 1.699999999999306 2 0
43 1.6 2 0
44 1.500000000000693 2 0
45 1.400000000001387 2 0
46 1.30000000000208 2 0
47 1.200000000002774 2 0
48 1.100000000003467 2 0
49 1.000000000004117 2 0
50 0.9000000000037447 2 0
51 0.8000000000033287 2 0
52 0.7000000000029127 2 0
53 0.6000000000024965 2 0
54 0.5000000000020806 2 0
55 0.4000000000016644 2 0
56 0.3000000000012482 2 0
57 0.200000000000832 2 0
58 0.100000000000416 2 0
59 0 1.906250000001198 0
60 0 1.812500000001138 0
61 0 1.718750000001902 0
62 0 1.625000000001755 0
63 0 1.531250000001609 0
64 0 1.437500000001462 0
65 0 1.343750000001315 0
66 0 1.250000000001169 0
67 0 1.156250000001022 0
68 0 1.062500000000876 0
69 0 0.9687500000007301 0
70 0 0.875000000000584 0
71 0 0.7812500000004379 0
72 0 0.6875000000002922 0
73 0 0.5937500000001461 0
74 0.4903926401522578 0.09754516125620059 0
75 0.4619397660417387 0.1913417166989565 0
76 0.4157348056854531 0.2777851172069492 0
77 0.3535533897888516 0.3535533913976959 0
78 0.2777851158152064 0.415734806615386 0
79 0.1913417156150936 0.4619397664906894 0
80 0.09754516070685475 0.4903926402615295 0
81 1.893972714853052 1.047091922075382 0
82 0.940973526618907 1.886318530281162 0
83 0.487771489440683 0.3362273659506351 0
84 0.08320000045817977 1.115276030098056 0
85 1.074348999338543 0.06943749323946054 0
86 1.324602324410925 1.916031613844105 0
87 1.879021341251196 0.6791519028987133 0
88 0.5836870333152672 1.918920739930851 0
89 1.911320584611081 1.324846266826437 0
90 0.07433573886801687 1.384542926391866 0
91 1.353777943395928 0.0821590164867767 0
92 0.08067431419932064 0.8594018057735389 0
93 0.8524554421818308 0.07962296061213874 0
94 1.909990083899186 0.3697211818348815 0
95 1.619466573042428 1.916083169511381 0
96 0.08958905851117646 1.649845407724568 0
97 0.262679252756889 0.5117969679185577 0
98 1.911645464397171 1.615539558271171 0
99 1.631348183504467 0.07488567718975586 0
100 0.766285039317832 1.912337725913677 0
101 0.3870548216792262 1.908713081839133 0
102 1.925155549958182 0.8849832506591104 0
103 1.138430283055853 1.915310811592916 0
104 0.5791932300556946 0.1672867702093385 0
105 0.08924459485315686 0.6769108043077242 0
106 0.1889182055582743 1.913460201280223 0
107 1.911383526534603 0.1825030399701853 0
108 1.812255350961514 1.911255692939755 0
109 0.5430751691127517 0.264886035008096 0
110 0.5666563779192381 0.3808494791755618 0
111 0.5357798112175927 0.4607788784117474 0
112 0.6011102737874189 0.4718006948916932 0
113 0.5312318846642784 0.5495679137109239 0
114 0.6365264393817678 0.5392936709378455 0
115 0.5360134881747192 0.6423890492507097 0
116 0.6359177725248558 0.6407252121700734 0
117 0.6420140883041134 0.7329472909959341 0
118 0.6404099211504016 0.8234118972365184 0
119 0.7406798856817439 0.8358061775840716 0
120 0.7688600723135997 0.7306504781147342 0
121 0.8096811737109557 0.8480633536459289 0
122 0.8598449387380308 0.8000243567638884 0
123 0.9100500731279483 0.8693980427984973 0
124 0.7340112967111708 0.9171758293094514 0
125 0.9876153315735636 0.8300889393108238 0
126 1.006679858344636 0.886376115969606 0
127 1.070654264737263 0.8118292419721547 0
128 1.069144880146646 0.8899083772109406 0
129 1.034553918721226 0.9655284004965548 0
130 1.129036093136442 0.9860056535016057 0
131 1.074928834970745 1.068630448202073 0
132 1.173558142997586 1.091706194569042 0
133 1.153196841754361 0.795639037464476 0
134 1.115756025777326 1.175832127732918 0
135 1.226290789495902 1.223070770004419 0
136 1.138055569395691 0.7336690169151725 0
137 1.235283344222278 0.775423278709691 0
138 1.133379009140682 1.295492261804228 0
139 1.062381593614201 1.255044612011969 0
140 1.265685559343328 1.326991917198018 0
141 1.276565008028755 1.11547641051785 0
142 1.196418911036695 0.6648903770484149 0
143 1.331118076361033 0.6863596050950791 0
144 1.088583413112849 1.338263834213035 0
145 1.031211356670266 1.3266157371535 0
146 0.699803659900901 0.4680396947700164 0
147 1.245378642635434 0.5791896842452806 0
148 1.348083616644204 0.6001558267563711 0
149 1.43558678793828 0.7015150989276224 0
150 1.138781622432759 0.5373305824822833 0
151 1.031510889618945 1.40117699911777 0
152 0.9440881882618937 1.393595439897521 0
153 1.451622349982814 0.6169510002421043 0
154 0.5424324515561527 0.8170656548649924 0
155 1.534123762361165 0.7173108775165374 0
156 1.204997358997467 0.4866481331927203 0
157 1.105645246208862 0.4422750759830613 0
158 1.365930550776448 0.5161647953978923 0
159 1.466897014562005 0.5319151058056283 0
160 0.9483427278195534 1.310429275424676 0
161 0.849792281820106 1.381168156626143 0
162 0.8629298293567236 1.472245096626867 0
163 0.7635568739997246 1.464601546330975 0
164 0.7498691114459131 1.371178404131183 0
165 0.6525192166102771 1.470954457610283 0
166 0.6488504075699608 1.365989511319714 0
167 0.5751828766224277 1.437106525448539 0
168 0.5573330394679442 1.375906526653913 0
169 1.108789850103229 1.391700180768066 0
170 0.5370651012675418 0.8944980472870614 0
171 0.4711256393226698 0.8813538098399324 0
172 0.4820191044609713 1.410382825933695 0
173 0.5302031498656451 1.476670595648389 0
174 0.4329591230777822 1.347517563725241 0
175 1.052400327400164 1.484424470338221 0
176 1.136878559297934 1.46985703735515 0
177 1.478311033322134 0.4451825321858856 0
178 0.7032815202843515 1.565327051551355 0
179 0.4105950918500219 1.448262740807638 0
180 0.6494526966103711 1.27286654518878 0
181 1.587186573894012 0.4664317187681658 0
182 1.423517999194018 0.7860781461541997 0
183 1.519605403930886 0.8017100028900309 0
184 0.4619160061312468 1.544924303625214 0
185 1.188841613971733 0.4273655314255506 0
186 1.083918433254224 0.3616764803043557 0
187 1.018998197925023 0.4565059362334402 0
188 0.9979526418900208 0.370376858682046 0
189 1.62693614160387 0.734360522615118 0
190 0.4580980439276114 0.8215912047452568 0
191 1.079623707778782 1.575699091809275 0
192 1.16865602420393 1.557141517410692 0
193 1.250745045841243 1.529589905912439 0
194 1.287786457192301 1.618397003783778 0
195 1.3642718240925 1.588439828486333 0
196 1.390291250832721 1.650156889785253 0
197 1.442704672186222 1.573428913159953 0
198 1.611187298910915 0.8167337072484006 0
199 1.499812666429772 0.8853972157940088 0
200 1.493719828321747 0.3590368799649974 0
201 0.3762379158407264 0.8364932258829422 0
202 0.4147245182379513 0.9327583423416105 0
203 0.8661812454144324 0.6543978187837992 0
204 1.415873264163978 1.486937423474708 0
205 1.503969939676652 1.475415792027102 0
206 1.472350317546863 1.383676219639154 0
207 1.528683530453512 1.56583641128924 0
208 1.558242877800482 1.362175292252874 0
209 1.522694895720641 1.280726933210654 0
210 0.9766782188049739 1.043493850835931 0
211 0.3600232353428606 0.7472157364412416 0
212 0.3314950193932455 1.573242918794766 0
213 1.593086176124562 0.9023978350757305 0
214 1.561496967665728 0.9901928776559574 0
215 0.304515425346378 0.9416799096473616 0
216 0.3026003529420148 1.023783435646302 0
217 1.600953107773083 0.383613086020154 0
218 1.638899398255687 1.320121020688843 0
219 1.705200829764684 1.41832431227465 0
220 0.3914337251056177 1.675394703883427 0
221 0.4762264048693686 1.652617439358642 0
222 0.9394162369520652 0.479997932795135 0
223 0.887645177531632 0.3827916203477467 0
224 1.001689557838624 0.2866932268959349 0
225 0.3934260899817426 1.035317468927713 0
226 1.51850365885364 0.2806059502529067 0
227 0.3264422352779741 1.460053763960714 0
228 1.465432626101385 0.9678373402416452 0
229 1.513087530741517 1.074033521492042 0
230 1.593598204171891 1.116987009144505 0
231 1.16841164712461 0.3473179085550706 0
232 1.707645730512132 0.7533293026979699 0
233 0.6159320837457711 0.3079851910727672 0
234 0.2243988602493666 1.532685074200514 0
235 1.111650895336715 1.670625918354935 0
236 0.9976595286262457 1.694804965462625 0
237 1.439265691101818 0.2446181005221907 0
238 0.8938622882857441 0.2500150016641 0
239 0.3616477163186295 1.119523391686029 0
240 0.2735870177477843 1.099707819787621 0
241 0.8036143745273283 0.3484204784558057 0
242 0.7701357610366784 0.2550995105742992 0
243 0.9666087473673042 0.5355044663368578 0
244 0.8725697148997554 0.5272195528288186 0
245 1.446960874076843 1.298022699881927 0
246 0.4414270392329639 0.6471205455306229 0
247 1.247986697839509 0.8373427214717096 0
248 0.3188945340012821 1.199222862642477 0
249 1.34236641457087 1.715076989531505 0
250 1.449748796710679 1.738745028694321 0
251 1.707990079609615 0.4065768000993197 0
252 1.715864755018858 0.3220868011053332 0
253 1.694536073631329 0.4913939048766589 0
254 0.4218738017048871 1.73716902483968 0
255 0.3174860494831708 1.714326800587672 0
256 1.065811997322764 1.788042320136304 0
257 0.9396410062215741 1.779058434662363 0
258 0.878578865956735 1.657339559314689 0
259 0.8564860280624994 1.741689390680194 0
260 0.232279949611456 1.173786442654249 0
261 0.2762336785160462 1.279266784493506 0
262 1.752108201230843 1.34038282821912 0
263 1.817384111160753 1.430689914235366 0
264 1.719317723500417 1.539658404036133 0
265 1.727922682226127 1.256004352876707 0
266 1.262132711636419 0.3366526389174642 0
267 1.250475653414217 0.2509231287375435 0
268 0.4905560131702904 1.738963795150787 0
269 0.5618012861357959 1.635238835369386 0
270 0.6067456063026194 1.735452114208938 0
271 0.6880662838508063 1.665255095889732 0
272 0.1883350960713511 1.251471837092067 0
273 0.9562662773429413 0.175348884276778 0
274 0.4577853502230603 1.142053466815774 0
275 0.4912571041201499 1.054437533503277 0
276 0.7882212064261872 1.635123606160982 0
277 1.034393718882656 0.2108154711857496 0
278 1.649117103316228 0.6547790492543002 0
279 1.735820415193628 0.686419507078637 0
280 1.759756543308795 0.7707435828682484 0
281 1.420877855745561 1.049762069027015 0
282 1.370352800565769 0.9487884919432065 0
283 1.466392972086134 1.151162994099534 0
284 0.2375528471028072 1.450375767462399 0
285 0.1638676331293977 1.508214319373068 0
286 1.816986979825894 1.528322497698972 0
287 1.728186595086022 1.640120660670165 0
288 1.477582993138416 0.2014316467548939 0
289 1.539276393392388 0.2120583926222097 0
290 1.825197041738327 1.248915987983213 0
291 1.761592891549971 1.176556979802511 0
292 0.1947632387564519 1.604325059189126 0
293 1.14231195963248 1.759638285829397 0
294 0.1803279624754007 0.5776186070712992 0
295 0.2625631212436534 0.5766225012041672 0
296 1.823084241028135 1.16179726357915 0
297 0.4882611132417657 1.824203334771932 0
298 0.7273487073192554 1.809691420155944 0
299 0.6755398917904454 0.08244425365725534 0
300 0.9918367588425394 0.1132692567762567 0
301 1.815361029736765 0.3439567271010895 0
302 1.722056227146595 0.2393021535152993 0
303 0.3222425968762649 0.4835850261060091 0
304 1.54419298036234 0.1451713355045881 0
305 1.817990134107414 0.2559153713960778 0
306 0.1831148093942816 1.076158484112071 0
307 0.17784910608081 0.6708930648279569 0
308 1.809074198228201 0.434135548341224 0
309 1.796281345068371 0.5252351771719387 0
310 0.6565906155750062 1.855988221484903 0
311 0.8425655078384374 1.821546619666164 0
312 0.2483652815437574 1.363494520071408 0
313 0.3324424455331091 1.379327820854422 0
314 0.6905065155254233 0.350022857761341 0
315 0.6545456854320748 0.2367807656151965 0
316 0.7638852193675362 0.1632010743012235 0
317 1.365053194202524 0.180734797540603 0
318 0.5617876758972907 1.16412861778077 0
319 0.5942771183422531 1.074656235797844 0
320 0.6706432150887962 1.180430267305383 0
321 0.7034572594939684 1.090737362624224 0
322 0.7771300572359328 1.194337692559436 0
323 0.8153221384031617 1.106415252860139 0
324 1.325672336541648 0.2502951620594492 0
325 1.253666164276057 0.1663201223575235 0
326 0.7564745087490646 0.4026915557922919 0
327 0.7557986810096986 1.282274896192812 0
328 0.8798322327449903 1.210983380723883 0
329 1.377611606522404 0.321371422663959 0
330 0.2652359942890857 0.6652347715394537 0
331 0.1786028535957704 0.7652492821414403 0
332 0.3524621169686779 0.6562849224664302 0
333 0.9297509704453651 0.5847886378353435 0
334 1.006064521352811 0.620443074411323 0
335 1.154537599608445 0.1567512012550213 0
336 1.626311002887521 0.2257005839838246 0
337 1.807918529612353 1.078537486607024 0
338 1.728520726137555 1.120133839616793 0
339 1.786478325379556 0.992751125670968 0
340 1.869879582124605 0.9678027418398734 0
341 1.773660150421708 0.9050732892619853 0
342 0.2868423980878861 1.910601436095512 0
343 0.1778763614030889 1.828068219739138 0
344 0.08871583978674349 1.822965088997018 0
345 0.1688590187067404 1.747269941250047 0
346 0.2696336723512312 1.821619743087604 0
347 0.8069506374800952 0.5849561614474222 0
348 0.6381576538492967 0.4208804933470695 0
349 0.2857523258288389 0.8518277613953599 0
350 0.2205678188069002 0.9604064396488409 0
351 0.2383100873912303 1.017102760576151 0
352 0.1483165332858163 0.9936947723959383 0
353 1.070000177500555 0.3032226533793835 0
354 1.134342086619927 0.2548616288729412 0
355 1.270652450691737 0.5005146384486381 0
356 0.9570892751067117 0.7272716477305717 0
357 0.1286835492180568 0.9371996474036753 0
358 0.5222916221824085 1.277281109325339 0
359 1.912210476304511 0.7960723562344849 0
360 0.7291070540505088 0.6257788880213218 0
361 1.614872558545507 0.3032306115515883 0
362 1.338582525542141 1.826080029602794 0
363 1.43802686780421 1.827414347645758 0
364 1.543708196202682 1.743491043997842 0
365 1.240614725635486 1.830868474261762 0
366 1.535645037845702 1.830203722325916 0
367 1.637288600817296 1.741290915707826 0
368 0.5410951309497692 0.7325693319609242 0
369 0.2644262820274599 1.649753160042062 0
370 0.8529117745112369 0.1559152312481939 0
371 1.385143166382075 1.397058893013591 0
372 1.359736896402713 1.308481784140293 0
373 1.332027083775152 1.504481657591421 0
374 0.783472473154039 1.556179919679604 0
375 0.3448480371101396 0.5663752986785563 0
376 0.8775724405214735 1.566697801422391 0
377 0.5848947674612687 1.53536742061959 0
378 1.063157930585512 1.892171643860767 0
379 1.216930916704924 1.44318132197353 0
380 1.912027501813135 1.713768128299389 0
381 1.822401076268649 1.725409533896745 0
382 1.819504380867285 1.819625528992356 0
383 1.730030814338114 1.734307278854494 0
384 1.725811411710775 1.825324414225749 0
385 1.633332297004246 1.648836981966023 0
386 1.910366721312867 1.516461152550986 0
387 1.275866547136639 0.4216506782054332 0
388 1.402562678167519 0.8682028405273916 0
389 1.591022573402881 1.240586604700436 0
390 0.6324431286559152 0.9073996204407666 0
391 1.020977248814213 1.150012128870805 0
392 1.373991481417503 0.4282904204964904 0
393 0.9598142867491688 1.482056834365665 0
394 0.9787465181504031 1.577206633884568 0
395 1.595362326863178 1.454328500978073 0
396 1.227209547101104 1.007840437994946 0
397 1.453343120331656 1.65449696172343 0
398 0.9608961597549694 0.9338320390125859 0
399 1.202636106455099 1.647745175025179 0
400 1.182592538441932 1.362356679775422 0
401 1.552149286791437 0.634232547100074 0
402 0.08367424431489838 1.205014486091359 0
403 1.176960067065112 0.8866094018694213 0
404 1.693150714968775 0.8271768969165578 0
405 0.7557541553586107 0.5217216146651636 0
406 1.32508265297164 0.772764291224701 0
407 0.1065171501943023 1.547852416599638 0
408 0.8165356472223941 0.4622939667061741 0
409 1.028410020804118 0.5376789019053204 0
410 1.81917408231882 0.1691334149898861 0
411 0.08765112997088946 0.7714729997438128 0
412 1.723991931722915 0.0787064547669693 0
413 0.517896873222813 0.9707021418733066 0
414 1.299981406329476 1.417844023453587 0
415 0.8281661938616289 0.9058070983319781 0
416 0.8569663003936134 1.295765719140769 0
417 1.570783835339383 0.5508680681906959 0
418 1.353945887992296 1.220259139842452 0
419 1.099449665736596 0.6401844090074227 0
420 0.8608194200089576 1.906467584005047 0
421 1.072466112368801 0.7282065288409425 0
422 0.5399721407137809 1.573731108473805 0
423 0.6179666449321907 0.9898131709049487 0
424 1.311011201734023 0.8511629542668139 0
425 0.977368664817454 1.230979950486248 0
426 1.536523992050299 1.184954497547912 0
427 1.274446975859894 0.9262620384949998 0
428 1.657833384595307 1.180803511870446 0
429 1.671947905339471 1.026544035682787 0
430 1.672375860457479 0.5757712074425403 0
431 0.07859555718499496 1.297396675913331 0
432 0.6339585931038837 1.600290076502603 0
433 0.7097136435433008 0.5639245247035748 0
434 0.7265940583837158 1.000889581216167 0
435 1.324043645048702 1.029734788820851 0
436 0.3643035451001824 1.307140560504806 0
437 0.3906533789521559 1.391331975012318 0
438 0.4129021995256479 1.229433764626494 0
439 1.37791548438446 1.1340498838444 0
440 0.7275349159159703 1.621889568938388 0
441 0.8620010346304126 0.9982631393160191 0
442 0.922591106367515 1.126464154333923 0
443 0.7649047285605945 1.711574195220199 0
444 1.443502937203809 1.224427072489903 0
445 0.08095543557603636 1.447198495006576 0
446 0.1776099510456217 0.8754533906509532 0
447 1.500820292306825 1.229519589008379 0
448 1.255887639535681 0.08206533108094567 0
449 1.769616346572848 0.6132531867034272 0
450 0.2267067762882048 1.689852952590523 0
451 1.90986547332646 1.810327257950191 0
452 1.816877239506067 0.08418534277409298 0
453 1.002672360307687 1.837888110334234 0
454 0.9074827430761396 1.828656668850731 0
455 0.4888793982978075 1.912252105371135 0
456 1.620353753114615 1.551975624171238 0
457 1.540102207502755 1.653481234834466 0
458 1.724568181620225 0.1589801445095914 0
459 0.7681569174634377 0.08071463095854324 0
460 1.42149624936495 1.915159271552336 0
461 1.822130957546693 1.33664406409766 0
462 1.799666874020491 0.7382043423703637 0
463 1.905144240171714 0.4662140782050259 0
464 0.9274052000681104 0.08878770981835431 0
465 0.07532707382807574 1.028578981096514 0
466 1.160247025569238 0.07676088706639914 0
467 1.631841013901421 0.1506653607519873 0
468 1.911512539082119 1.227508747271367 0
469 0.4356581174341262 0.5532640233366443 0
470 1.096382882586593 1.83955562814861 0
471 1.907824157021413 1.133908566791212 0
472 0.5862914945531195 1.837773965722742 0
473 1.519775576124702 1.915560722321596 0
474 1.834498705919479 0.8102583881841736 0
475 1.819773684641619 1.627398719953543 0
476 0.08644000612818846 1.735510936885291 0
477 1.715004367450188 1.913518453970306 0
478 0.4494854853704883 0.7373419967432252 0
479 0.171086127959351 1.152994799063201 0
480 0.1575966928216022 1.44469891428568 0
481 1.064805920172785 0.1394225332775713 0
482 1.91005688982264 0.2767652217377135 0
483 0.6704025752630302 0.1620508933049062 0
484 1.539172607500361 0.074200787934912 0
485 1.230587534054542 1.739494741974876 0
486 1.447528371260847 0.07787771901624488 0
487 1.89618928484799 0.5649524270046405 0
488 0.09194978783571552 0.5829316002308871 0
489 0.377851102375909 1.800020099501938 0
490 0.5826653068929343 0.08723857407004822 0
491 1.226322291894707 1.916331912376563 0
492 1.630036137894271 1.828507960389103 0
493 0.5888169397086169 0.2222199485327062 0
494 0.2714549899718101 0.7582799369422289 0
495 0.09420064256270114 1.910814370013389 0
496 0.6762144011092428 1.918655559458809 0
497 1.905739916426733 1.905600897604063 0
498 0.2461703347195227 1.742203235114445 0
499 1.014013764184475 0.06594484428673378 0
500 1.908833741390036 0.09148109090252658 0
501 0.1715385539212727 1.672315081805058 0
502 1.153209035706352 1.83639713179719 0
503 1.910153454208284 1.418396242299213 0
504 0.06647154226536063 0.9356827984825915 0
505 1.684017892577943 0.9121995215329695 0
506 1.461536518997237 0.1515238127858798 0
507 1.764904765433891 0.8260496542399931 0
508 0.4267514218475344 0.4375389078584948 0
509 0.1439500735639269 1.34714984153238 0
510 1.926644375832057 0.9485724300930772 0
511 1.850417155855003 0.8909073852112562 0
512 0.9111436062362268 0.1425630254209356 0
$ENDNOD
$ELM
471
1 3 1 1 4 468 89 461 290
2 3 1 1 4 105 307 331 411
3 3 1 1 4 306 84 465 352
4 3 1 1 4 75 104 493 109
5 3 1 1 4 73 5 80 488
6 3 1 1 4 60 344 495 59
7 3 1 1 4 362 363 460 86
8 3 1 1 4 91 317 325 448
9 3 1 1 4 411 331 446 92
10 3 1 1 4 489 297 455 101
11 3 1 1 4 87 449 309 487
12 3 1 1 4 340 81 337 339
13 3 1 1 4 455 297 472 88
14 3 1 1 4 464 10 499 300
15 3 1 1 4 363 366 473 460
16 3 1 1 4 287 383 367 385
17 3 1 1 4 370 316 459 93
18 3 1 1 4 259 311 298 443
19 3 1 1 4 382 108 477 384
20 3 1 1 4 483 104 490 299
21 3 1 1 4 312 313 227 284
22 3 1 1 4 448 325 335 466
23 3 1 1 4 292 501 96 407
24 3 1 1 4 332 375 469 246
25 3 1 1 4 471 468 290 296
26 3 1 1 4 410 107 482 305
27 3 1 1 4 105 488 294 307
28 3 1 1 4 358 318 320 180
29 3 1 1 4 492 95 473 366
30 3 1 1 4 383 287 475 381
31 3 1 1 4 174 437 313 436
32 3 1 1 4 461 89 503 263
33 3 1 1 4 352 465 504 357
34 3 1 1 4 301 305 482 94
35 3 1 1 4 298 100 496 310
36 3 1 1 4 298 311 420 100
37 3 1 1 4 78 77 508 303
38 3 1 1 4 211 332 246 478
39 3 1 1 4 251 308 309 253
40 3 1 1 4 161 164 327 416
41 3 1 1 4 299 459 316 483
42 3 1 1 4 267 325 317 324
43 3 1 1 4 389 426 230 428
44 3 1 1 4 358 174 436 438
45 3 1 1 4 267 324 329 266
46 3 1 1 4 164 166 180 327
47 3 1 1 4 79 294 488 80
48 3 1 1 4 180 320 322 327
49 3 1 1 4 416 328 425 160
50 3 1 1 4 367 383 384 492
51 3 1 1 4 408 405 146 326
52 3 1 1 4 428 230 429 338
53 3 1 1 4 120 117 116 360
54 3 1 1 4 314 348 110 233
55 3 1 1 4 408 244 347 405
56 3 1 1 4 207 456 385 457
57 3 1 1 4 474 462 87 359
58 3 1 1 4 329 200 177 392
59 3 1 1 4 318 358 438 274
60 3 1 1 4 489 101 342 346
61 3 1 1 4 82 420 311 454
62 3 1 1 4 127 125 356 421
63 3 1 1 4 360 433 405 347
64 3 1 1 4 146 348 314 326
65 3 1 1 4 354 335 325 267
66 3 1 1 4 306 351 216 240
67 3 1 1 4 284 480 509 312
68 3 1 1 4 346 342 106 343
69 3 1 1 4 140 372 371 414
70 3 1 1 4 350 351 306 352
71 3 1 1 4 336 361 226 289
72 3 1 1 4 79 97 295 294
73 3 1 1 4 224 277 354 353
74 3 1 1 4 361 336 302 252
75 3 1 1 4 374 376 258 276
76 3 1 1 4 361 217 200 226
77 3 1 1 4 329 237 226 200
78 3 1 1 4 284 227 212 234
79 3 1 1 4 120 360 347 203
80 3 1 1 4 342 101 55 56
81 3 1 1 4 209 447 426 389
82 3 1 1 4 327 322 328 416
83 3 1 1 4 358 168 172 174
84 3 1 1 4 165 167 168 166
85 3 1 1 4 216 351 350 215
86 3 1 1 4 106 342 56 57
87 3 1 1 4 354 267 266 231
88 3 1 1 4 165 377 173 167
89 3 1 1 4 349 201 202 215
90 3 1 1 4 79 78 303 97
91 3 1 1 4 166 164 163 165
92 3 1 1 4 200 217 181 177
93 3 1 1 4 294 295 330 307
94 3 1 1 4 354 231 186 353
95 3 1 1 4 231 185 157 186
96 3 1 1 4 238 273 277 224
97 3 1 1 4 391 425 328 442
98 3 1 1 4 185 156 150 157
99 3 1 1 4 224 353 186 188
100 3 1 1 4 188 223 238 224
101 3 1 1 4 75 109 83 76
102 3 1 1 4 368 117 118 154
103 3 1 1 4 392 387 266 329
104 3 1 1 4 199 388 182 183
105 3 1 1 4 237 288 289 226
106 3 1 1 4 227 179 184 212
107 3 1 1 4 361 252 251 217
108 3 1 1 4 392 177 159 158
109 3 1 1 4 190 171 202 201
110 3 1 1 4 387 392 158 355
111 3 1 1 4 236 258 376 394
112 3 1 1 4 316 370 238 242
113 3 1 1 4 348 146 114 112
114 3 1 1 4 407 285 234 292
115 3 1 1 4 158 148 147 355
116 3 1 1 4 255 369 212 220
117 3 1 1 4 150 156 355 147
118 3 1 1 4 260 240 239 248
119 3 1 1 4 358 180 166 168
120 3 1 1 4 295 97 303 375
121 3 1 1 4 368 115 116 117
122 3 1 1 4 421 136 133 127
123 3 1 1 4 272 260 248 261
124 3 1 1 4 348 112 111 110
125 3 1 1 4 170 171 190 154
126 3 1 1 4 359 28 29 102
127 3 1 1 4 416 160 152 161
128 3 1 1 4 356 122 120 203
129 3 1 1 4 329 324 317 237
130 3 1 1 4 204 373 414 371
131 3 1 1 4 233 110 83 109
132 3 1 1 4 372 245 206 371
133 3 1 1 4 142 147 148 143
134 3 1 1 4 87 27 28 359
135 3 1 1 4 111 112 114 113
136 3 1 1 4 236 257 259 258
137 3 1 1 4 429 339 337 338
138 3 1 1 4 371 206 205 204
139 3 1 1 4 164 161 162 163
140 3 1 1 4 245 209 208 206
141 3 1 1 4 373 204 197 195
142 3 1 1 4 142 137 133 136
143 3 1 1 4 113 114 116 115
144 3 1 1 4 168 167 173 172
145 3 1 1 4 103 48 49 378
146 3 1 1 4 98 386 35 36
147 3 1 1 4 355 156 185 387
148 3 1 1 4 36 37 380 98
149 3 1 1 4 160 145 151 152
150 3 1 1 4 381 382 384 383
151 3 1 1 4 199 228 282 388
152 3 1 1 4 301 94 463 308
153 3 1 1 4 389 218 208 209
154 3 1 1 4 148 158 159 153
155 3 1 1 4 188 186 157 187
156 3 1 1 4 338 337 296 291
157 3 1 1 4 281 228 214 229
158 3 1 1 4 308 251 252 301
159 3 1 1 4 240 216 225 239
160 3 1 1 4 250 364 366 363
161 3 1 1 4 265 291 296 290
162 3 1 1 4 394 191 235 236
163 3 1 1 4 379 193 192 176
164 3 1 1 4 189 278 279 232
165 3 1 1 4 219 263 286 264
166 3 1 1 4 223 241 242 238
167 3 1 1 4 373 195 194 193
168 3 1 1 4 265 262 219 218
169 3 1 1 4 204 205 207 197
170 3 1 1 4 223 188 187 222
171 3 1 1 4 356 125 123 122
172 3 1 1 4 375 332 330 295
173 3 1 1 4 145 139 138 144
174 3 1 1 4 195 197 397 196
175 3 1 1 4 363 362 249 250
176 3 1 1 4 249 194 195 196
177 3 1 1 4 122 121 119 120
178 3 1 1 4 114 433 360 116
179 3 1 1 4 120 119 118 117
180 3 1 1 4 249 196 397 250
181 3 1 1 4 236 235 293 256
182 3 1 1 4 206 208 395 205
183 3 1 1 4 192 191 175 176
184 3 1 1 4 139 134 135 138
185 3 1 1 4 176 169 400 379
186 3 1 1 4 218 219 395 208
187 3 1 1 4 172 173 184 179
188 3 1 1 4 203 347 244 333
189 3 1 1 4 145 144 169 151
190 3 1 1 4 176 175 151 169
191 3 1 1 4 228 199 213 214
192 3 1 1 4 391 131 132 134
193 3 1 1 4 210 129 130 131
194 3 1 1 4 152 151 175 393
195 3 1 1 4 141 135 134 132
196 3 1 1 4 161 152 393 162
197 3 1 1 4 398 126 128 129
198 3 1 1 4 163 162 376 374
199 3 1 1 4 222 243 333 244
200 3 1 1 4 154 118 390 170
201 3 1 1 4 231 266 387 185
202 3 1 1 4 396 132 131 130
203 3 1 1 4 394 376 162 393
204 3 1 1 4 49 50 420 82
205 3 1 1 4 215 202 225 216
206 3 1 1 4 193 194 399 192
207 3 1 1 4 191 394 393 175
208 3 1 1 4 140 414 379 400
209 3 1 1 4 223 408 326 241
210 3 1 1 4 252 302 305 301
211 3 1 1 4 191 192 399 235
212 3 1 1 4 125 127 128 126
213 3 1 1 4 398 123 125 126
214 3 1 1 4 203 333 334 356
215 3 1 1 4 135 140 400 138
216 3 1 1 4 183 198 213 199
217 3 1 1 4 409 243 222 187
218 3 1 1 4 165 163 374 178
219 3 1 1 4 124 390 118 119
220 3 1 1 4 138 400 169 144
221 3 1 1 4 187 157 150 409
222 3 1 1 4 155 189 198 183
223 3 1 1 4 153 149 143 148
224 3 1 1 4 149 155 183 182
225 3 1 1 4 127 133 403 128
226 3 1 1 4 137 247 403 133
227 3 1 1 4 129 128 403 130
228 3 1 1 4 323 322 320 321
229 3 1 1 4 233 315 242 314
230 3 1 1 4 239 225 275 274
231 3 1 1 4 319 318 274 275
232 3 1 1 4 149 153 401 155
233 3 1 1 4 221 269 270 268
234 3 1 1 4 278 189 155 401
235 3 1 1 4 170 413 202 171
236 3 1 1 4 189 232 404 198
237 3 1 1 4 321 320 318 319
238 3 1 1 4 223 222 244 408
239 3 1 1 4 313 437 179 227
240 3 1 1 4 333 243 409 334
241 3 1 1 4 193 379 414 373
242 3 1 1 4 142 143 406 137
243 3 1 1 4 326 314 242 241
244 3 1 1 4 160 425 139 145
245 3 1 1 4 251 253 181 217
246 3 1 1 4 372 140 135 418
247 3 1 1 4 119 121 415 124
248 3 1 1 4 122 123 415 121
249 3 1 1 4 150 419 334 409
250 3 1 1 4 218 389 428 265
251 3 1 1 4 488 105 72 73
252 3 1 1 4 212 369 292 234
253 3 1 1 4 182 406 143 149
254 3 1 1 4 220 221 268 254
255 3 1 1 4 66 67 84 402
256 3 1 1 4 388 282 427 424
257 3 1 1 4 212 184 221 220
258 3 1 1 4 147 142 419 150
259 3 1 1 4 472 310 496 88
260 3 1 1 4 202 413 275 225
261 3 1 1 4 100 420 50 51
262 3 1 1 4 177 181 417 159
263 3 1 1 4 215 350 446 349
264 3 1 1 4 153 159 417 401
265 3 1 1 4 131 391 442 210
266 3 1 1 4 413 170 390 423
267 3 1 1 4 229 214 429 230
268 3 1 1 4 63 407 96 62
269 3 1 1 4 142 136 421 419
270 3 1 1 4 137 406 424 247
271 3 1 1 4 388 424 406 182
272 3 1 1 4 444 447 209 245
273 3 1 1 4 71 72 105 411
274 3 1 1 4 269 422 377 432
275 3 1 1 4 130 403 427 396
276 3 1 1 4 413 423 319 275
277 3 1 1 4 70 71 411 92
278 3 1 1 4 230 426 283 229
279 3 1 1 4 258 259 443 276
280 3 1 1 4 134 139 425 391
281 3 1 1 4 356 334 419 421
282 3 1 1 4 269 221 184 422
283 3 1 1 4 377 422 184 173
284 3 1 1 4 338 291 265 428
285 3 1 1 4 129 210 441 398
286 3 1 1 4 181 253 430 417
287 3 1 1 4 403 247 424 427
288 3 1 1 4 17 18 412 99
289 3 1 1 4 401 417 430 278
290 3 1 1 4 423 390 124 434
291 3 1 1 4 312 261 436 313
292 3 1 1 4 396 427 282 435
293 3 1 1 4 402 431 65 66
294 3 1 1 4 423 434 321 319
295 3 1 1 4 228 281 435 282
296 3 1 1 4 270 269 432 271
297 3 1 1 4 489 346 498 255
298 3 1 1 4 229 283 439 281
299 3 1 1 4 165 178 432 377
300 3 1 1 4 311 259 257 454
301 3 1 1 4 114 146 405 433
302 3 1 1 4 174 172 179 437
303 3 1 1 4 132 396 435 141
304 3 1 1 4 274 438 248 239
305 3 1 1 4 59 495 58 4
306 3 1 1 4 281 439 141 435
307 3 1 1 4 65 90 445 64
308 3 1 1 4 271 432 178 440
309 3 1 1 4 381 380 451 382
310 3 1 1 4 261 248 438 436
311 3 1 1 4 305 302 458 410
312 3 1 1 4 276 440 178 374
313 3 1 1 4 124 415 441 434
314 3 1 1 4 364 367 492 366
315 3 1 1 4 452 410 458 412
316 3 1 1 4 53 54 455 88
317 3 1 1 4 135 141 439 418
318 3 1 1 4 123 398 441 415
319 3 1 1 4 321 434 441 323
320 3 1 1 4 481 85 466 335
321 3 1 1 4 322 323 442 328
322 3 1 1 4 385 456 264 287
323 3 1 1 4 385 367 364 457
324 3 1 1 4 46 86 460 45
325 3 1 1 4 197 207 457 397
326 3 1 1 4 205 395 456 207
327 3 1 1 4 210 442 323 441
328 3 1 1 4 352 357 446 350
329 3 1 1 4 407 63 64 445
330 3 1 1 4 276 443 271 440
331 3 1 1 4 270 271 443 298
332 3 1 1 4 18 19 452 412
333 3 1 1 4 343 106 495 344
334 3 1 1 4 91 448 13 14
335 3 1 1 4 265 290 461 262
336 3 1 1 4 9 93 459 8
337 3 1 1 4 245 372 418 444
338 3 1 1 4 444 283 426 447
339 3 1 1 4 283 444 418 439
340 3 1 1 4 115 246 469 113
341 3 1 1 4 278 430 449 279
342 3 1 1 4 67 68 465 84
343 3 1 1 4 37 38 451 380
344 3 1 1 4 309 449 430 253
345 3 1 1 4 11 12 466 85
346 3 1 1 4 115 368 478 246
347 3 1 1 4 402 479 260 272
348 3 1 1 4 24 94 482 23
349 3 1 1 4 468 471 31 32
350 3 1 1 4 87 462 279 449
351 3 1 1 4 273 300 481 277
352 3 1 1 4 81 471 296 337
353 3 1 1 4 286 386 98 475
354 3 1 1 4 298 310 472 270
355 3 1 1 4 43 95 477 42
356 3 1 1 4 49 82 453 378
357 3 1 1 4 236 256 453 257
358 3 1 1 4 201 211 478 190
359 3 1 1 4 429 505 341 339
360 3 1 1 4 463 25 26 487
361 3 1 1 4 487 309 308 463
362 3 1 1 4 220 254 489 255
363 3 1 1 4 365 485 249 362
364 3 1 1 4 362 86 491 365
365 3 1 1 4 101 455 54 55
366 3 1 1 4 48 103 491 47
367 3 1 1 4 51 52 496 100
368 3 1 1 4 484 486 15 16
369 3 1 1 4 477 95 492 384
370 3 1 1 4 219 264 456 395
371 3 1 1 4 76 83 508 77
372 3 1 1 4 250 397 457 364
373 3 1 1 4 235 399 485 293
374 3 1 1 4 299 7 8 459
375 3 1 1 4 340 510 30 81
376 3 1 1 4 40 497 39 3
377 3 1 1 4 286 263 503 386
378 3 1 1 4 33 34 503 89
379 3 1 1 4 467 458 302 336
380 3 1 1 4 82 454 257 453
381 3 1 1 4 74 1 6 490
382 3 1 1 4 75 74 490 104
383 3 1 1 4 446 357 504 92
384 3 1 1 4 344 60 61 476
385 3 1 1 4 467 99 412 458
386 3 1 1 4 198 404 505 213
387 3 1 1 4 375 303 508 469
388 3 1 1 4 219 262 461 263
389 3 1 1 4 232 279 462 280
390 3 1 1 4 94 24 25 463
391 3 1 1 4 10 464 93 9
392 3 1 1 4 21 500 20 2
393 3 1 1 4 256 470 378 453
394 3 1 1 4 273 512 464 300
395 3 1 1 4 448 466 12 13
396 3 1 1 4 45 460 473 44
397 3 1 1 4 336 289 304 467
398 3 1 1 4 505 404 507 341
399 3 1 1 4 264 286 475 287
400 3 1 1 4 349 446 331 494
401 3 1 1 4 32 33 89 468
402 3 1 1 4 332 211 494 330
403 3 1 1 4 510 340 511 102
404 3 1 1 4 261 312 509 272
405 3 1 1 4 289 288 506 304
406 3 1 1 4 476 96 501 345
407 3 1 1 4 99 484 16 17
408 3 1 1 4 30 31 471 81
409 3 1 1 4 234 285 480 284
410 3 1 1 4 402 272 509 431
411 3 1 1 4 103 502 365 491
412 3 1 1 4 95 43 44 473
413 3 1 1 4 297 268 270 472
414 3 1 1 4 62 96 476 61
415 3 1 1 4 306 479 402 84
416 3 1 1 4 343 344 476 345
417 3 1 1 4 109 493 315 233
418 3 1 1 4 68 69 504 465
419 3 1 1 4 380 381 475 98
420 3 1 1 4 201 349 494 211
421 3 1 1 4 154 190 478 368
422 3 1 1 4 113 469 508 111
423 3 1 1 4 240 260 479 306
424 3 1 1 4 335 354 277 481
425 3 1 1 4 108 41 42 477
426 3 1 1 4 107 22 23 482
427 3 1 1 4 242 315 483 316
428 3 1 1 4 369 450 501 292
429 3 1 1 4 509 480 445 90
430 3 1 1 4 293 485 365 502
431 3 1 1 4 22 107 500 21
432 3 1 1 4 194 249 485 399
433 3 1 1 4 27 87 487 26
434 3 1 1 4 407 445 480 285
435 3 1 1 4 14 15 486 91
436 3 1 1 4 57 58 495 106
437 3 1 1 4 300 499 85 481
438 3 1 1 4 268 297 489 254
439 3 1 1 4 339 341 511 340
440 3 1 1 4 86 46 47 491
441 3 1 1 4 38 39 497 451
442 3 1 1 4 369 255 498 450
443 3 1 1 4 345 498 346 343
444 3 1 1 4 7 299 490 6
445 3 1 1 4 307 330 494 331
446 3 1 1 4 104 483 315 493
447 3 1 1 4 237 317 506 288
448 3 1 1 4 88 496 52 53
449 3 1 1 4 41 108 497 40
450 3 1 1 4 232 280 507 404
451 3 1 1 4 10 11 85 499
452 3 1 1 4 386 503 34 35
453 3 1 1 4 238 370 512 273
454 3 1 1 4 498 345 501 450
455 3 1 1 4 92 504 69 70
456 3 1 1 4 110 111 508 83
457 3 1 1 4 102 29 30 510
458 3 1 1 4 382 451 497 108
459 3 1 1 4 65 431 509 90
460 3 1 1 4 484 304 506 486
461 3 1 1 4 410 452 500 107
462 3 1 1 4 256 293 502 470
463 3 1 1 4 378 470 502 103
464 3 1 1 4 214 213 505 429
465 3 1 1 4 99 467 304 484
466 3 1 1 4 19 20 500 452
467 3 1 1 4 370 93 464 512
468 3 1 1 4 462 474 507 280
469 3 1 1 4 359 102 511 474
470 3 1 1 4 317 91 486 506
471 3 1 1 4 474 511 341 507
$ENDELM
