$NOD
38
1 0.5 0 0
2 2 0 0
3 2 2 0
4 0 2 0
5 0 0.5 0
6 0.874999999998145 0 0
7 1.249999999998155 0 0
8 1.624999999999076 0 0
9 2 0.4999999999988241 0
10 2 0.999999999997388 0
11 2 1.499999999998683 0
12 1.500000000000693 2 0
13 1.000000000004118 2 0
14 0.5000000000020808 2 0
15 0 1.625000000001757 0
16 0 1.250000000001173 0
17 0 0.8750000000005878 0
18 0.3535533897888515 0.353553391397696 0
19 1.039535870551532 0.4248321855758455 0
20 0.3123958109730635 1.09183527833157 0
21 1.499356162112912 1.173150738051027 0
22 0.701731332446962 1.524129985417784 0
23 1.62801708950034 0.8013167235808043 0
24 1.164008969132863 0.9423265864083477 0
25 1.284212213293984 1.518606889969644 0
26 0.3041453649383556 1.394843721845834 0
27 1.416830437975386 0.3566741951058486 0
28 0.4120687309140237 0.7772366647910048 0
29 0.680778651307909 0.5952836872407556 0
30 0.4829842770970105 1.248614215193206 0
31 0.6962010272913478 1.014938617854038 0
32 0.7142466390140615 0.288766956440737 0
33 0.8814055182572731 0.7390055728610949 0
34 0.962396495055751 1.263911250553879 0
35 1.564026203790735 1.68939754910784 0
36 0.3736822131200064 1.634883323614885 0
37 1.659575378457869 0.4076107606774451 0
38 1.315206353934942 0.6123962704766169 0
$ENDNOD
$ELM
28
1 3 1 1 4 34 24 21 25
2 3 1 1 4 34 31 33 24
3 3 1 1 4 37 9 10 23
4 3 1 1 4 23 10 11 21
5 3 1 1 4 32 19 33 29
6 3 1 1 4 13 14 36 22
7 3 1 1 4 18 28 17 5
8 3 1 1 4 12 35 11 3
9 3 1 1 4 16 17 28 20
10 3 1 1 4 21 24 38 23
11 3 1 1 4 7 19 32 6
12 3 1 1 4 33 31 28 29
13 3 1 1 4 36 26 30 22
14 3 1 1 4 14 4 15 36
15 3 1 1 4 13 22 34 25
16 3 1 1 4 28 18 32 29
17 3 1 1 4 13 25 35 12
18 3 1 1 4 18 1 6 32
19 3 1 1 4 7 8 37 27
20 3 1 1 4 37 23 38 27
21 3 1 1 4 11 35 25 21
22 3 1 1 4 16 20 30 26
23 3 1 1 4 9 37 8 2
24 3 1 1 4 7 27 38 19
25 3 1 1 4 16 26 36 15
26 3 1 1 4 28 31 30 20
27 3 1 1 4 24 33 19 38
28 3 1 1 4 31 34 22 30
$ENDELM
