$NOD
16
1 0.5 0 0
2 2 0 0
3 2 2 0
4 0 2 0
5 0 0.5 0
6 1.249999999998155 0 0
7 2 0.999999999997388 0
8 1.000000000004118 2 0
9 0 1.250000000001173 0
10 0.3535533897888515 0.353553391397696 0
11 0.7908583238907959 0.5082239079380009 0
12 0.5406066534208176 0.7541928316455127 0
13 1.191747224953053 0.6176859626043749 0
14 0.9281778105575778 1.096901497083336 0
15 0.6334989619715607 1.426842430473872 0
16 1.298998342308479 1.362322943466854 0
$ENDNOD
$ELM
10
1 3 1 1 4 9 12 14 15
2 3 1 1 4 14 13 7 16
3 3 1 1 4 1 6 13 11
4 3 1 1 4 7 3 8 16
5 3 1 1 4 8 4 9 15
6 3 1 1 4 14 12 11 13
7 3 1 1 4 1 11 12 10
8 3 1 1 4 16 8 15 14
9 3 1 1 4 10 12 9 5
10 3 1 1 4 2 7 13 6
$ENDELM
